93,18,74,26,98,52,94,23,15,2,34,75,13,31,39,76,96,16,84,12,38,27,8,85,86,43,4,79,57,19,40,59,14,21,35,0,90,11,32,17,78,83,54,42,66,82,99,45,55,63,24,5,89,46,80,49,3,48,67,47,50,60,81,51,71,33,72,6,9,30,56,20,77,29,28,69,25,36,91,92,65,22,62,58,64,88,10,7,87,41,44,37,73,70,68,97,61,95,53,1
9
3
,
1
8
,
7
4
,
2
6
,
9
8
,
5
2
,
9
4
,
2
3
,
1
5
,
2
,
3
4
,
7
5
,
1
3
,
3
1
,
3
9
,
7
6
,
9
6
,
1
6
,
8
4
,
1
2
,
3
8
,
2
7
,
8
,
8
5
,
8
6
,
4
3
,
4
,
7
9
,
5
7
,
1
9
,
4
0
,
5
9
,
1
4
,
2
1
,
3
5
,
0
,
9
0
,
1
1
,
3
2
,
1
7
,
7
8
,
8
3
,
5
4
,
4
2
,
6
6
,
8
2
,
9
9
,
4
5
,
5
5
,
6
3
,
2
4
,
5
,
8
9
,
4
6
,
8
0
,
4
9
,
3
,
4
8
,
6
7
,
4
7
,
5
0
,
6
0
,
8
1
,
5
1
,
7
1
,
3
3
,
7
2
,
6
,
9
,
3
0
,
5
6
,
2
0
,
7
7
,
2
9
,
2
8
,
6
9
,
2
5
,
3
6
,
9
1
,
9
2
,
6
5
,
2
2
,
6
2
,
5
8
,
6
4
,
8
8
,
1
0
,
7
,
8
7
,
4
1
,
4
4
,
3
7
,
7
3
,
7
0
,
6
8
,
9
7
,
6
1
,
9
5
,
5
3
,
1

97 18 90 62 17
9
7
 
1
8
 
9
0
 
6
2
 
1
7
98 88 49 41 74
9
8
 
8
8
 
4
9
 
4
1
 
7
4
66  9 83 69 91
6
6
 
 
9
 
8
3
 
6
9
 
9
1
33 57  3 71 43
3
3
 
5
7
 
 
3
 
7
1
 
4
3
11 50  7 10 28
1
1
 
5
0
 
 
7
 
1
0
 
2
8

 6 34 13  5  9
 
6
 
3
4
 
1
3
 
 
5
 
 
9
50 21 66 77  3
5
0
 
2
1
 
6
6
 
7
7
 
 
3
60 74 40 12 33
6
0
 
7
4
 
4
0
 
1
2
 
3
3
69 57 99 18 95
6
9
 
5
7
 
9
9
 
1
8
 
9
5
70 72 49 71 87
7
0
 
7
2
 
4
9
 
7
1
 
8
7

56 26 11 18 89
5
6
 
2
6
 
1
1
 
1
8
 
8
9
27 51 10 14  3
2
7
 
5
1
 
1
0
 
1
4
 
 
3
41 46 95 47 66
4
1
 
4
6
 
9
5
 
4
7
 
6
6
 2  1  9 74 84
 
2
 
 
1
 
 
9
 
7
4
 
8
4
 4 53 97 67 32
 
4
 
5
3
 
9
7
 
6
7
 
3
2

48 72 74 22 35
4
8
 
7
2
 
7
4
 
2
2
 
3
5
28 11  5 40 87
2
8
 
1
1
 
 
5
 
4
0
 
8
7
47 34 70 56 31
4
7
 
3
4
 
7
0
 
5
6
 
3
1
20 55 62 77  0
2
0
 
5
5
 
6
2
 
7
7
 
 
0
49 51  8 43 13
4
9
 
5
1
 
 
8
 
4
3
 
1
3

81 25 24 31 28
8
1
 
2
5
 
2
4
 
3
1
 
2
8
56 35 70 27 66
5
6
 
3
5
 
7
0
 
2
7
 
6
6
82 85 91 69 61
8
2
 
8
5
 
9
1
 
6
9
 
6
1
21 34 11  3 57
2
1
 
3
4
 
1
1
 
 
3
 
5
7
30 63  0 38 14
3
0
 
6
3
 
 
0
 
3
8
 
1
4

73 35 16  9 41
7
3
 
3
5
 
1
6
 
 
9
 
4
1
23 26 85 40 95
2
3
 
2
6
 
8
5
 
4
0
 
9
5
51 42  7 24 28
5
1
 
4
2
 
 
7
 
2
4
 
2
8
 8 99 68 44 36
 
8
 
9
9
 
6
8
 
4
4
 
3
6
58 53  2 49 25
5
8
 
5
3
 
 
2
 
4
9
 
2
5

93 58 70 30 68
9
3
 
5
8
 
7
0
 
3
0
 
6
8
21 96 88 81 26
2
1
 
9
6
 
8
8
 
8
1
 
2
6
34 59 86 29 46
3
4
 
5
9
 
8
6
 
2
9
 
4
6
14  6 53 39 44
1
4
 
 
6
 
5
3
 
3
9
 
4
4
98 57  3 13 60
9
8
 
5
7
 
 
3
 
1
3
 
6
0

30 75 57 36 80
3
0
 
7
5
 
5
7
 
3
6
 
8
0
 3 20 62 40 79
 
3
 
2
0
 
6
2
 
4
0
 
7
9
68 70 50 33 41
6
8
 
7
0
 
5
0
 
3
3
 
4
1
74 29 27 56 52
7
4
 
2
9
 
2
7
 
5
6
 
5
2
 9 59 78 10  8
 
9
 
5
9
 
7
8
 
1
0
 
 
8

52 55 47 89 19
5
2
 
5
5
 
4
7
 
8
9
 
1
9
44 10 97 34  7
4
4
 
1
0
 
9
7
 
3
4
 
 
7
16 87 26 48 41
1
6
 
8
7
 
2
6
 
4
8
 
4
1
45 68 63 77 23
4
5
 
6
8
 
6
3
 
7
7
 
2
3
29 31 54 40 69
2
9
 
3
1
 
5
4
 
4
0
 
6
9

24 68 76 30  0
2
4
 
6
8
 
7
6
 
3
0
 
 
0
98 56 37 14 91
9
8
 
5
6
 
3
7
 
1
4
 
9
1
19 51 34 80 88
1
9
 
5
1
 
3
4
 
8
0
 
8
8
35 73  3 59 93
3
5
 
7
3
 
 
3
 
5
9
 
9
3
26  1 36 21 74
2
6
 
 
1
 
3
6
 
2
1
 
7
4

 0 46 22 31  6
 
0
 
4
6
 
2
2
 
3
1
 
 
6
83 43 56 77 61
8
3
 
4
3
 
5
6
 
7
7
 
6
1
21 70 80 29 42
2
1
 
7
0
 
8
0
 
2
9
 
4
2
11 96 44 49 98
1
1
 
9
6
 
4
4
 
4
9
 
9
8
 9 81 63 41 74
 
9
 
8
1
 
6
3
 
4
1
 
7
4

90 39 48 75 52
9
0
 
3
9
 
4
8
 
7
5
 
5
2
78  7 27  8 86
7
8
 
 
7
 
2
7
 
 
8
 
8
6
 2 69 80 98 66
 
2
 
6
9
 
8
0
 
9
8
 
6
6
22 77 11 94 47
2
2
 
7
7
 
1
1
 
9
4
 
4
7
93 19 53 34 71
9
3
 
1
9
 
5
3
 
3
4
 
7
1

49 66 91 75 47
4
9
 
6
6
 
9
1
 
7
5
 
4
7
 1 19 28 17 46
 
1
 
1
9
 
2
8
 
1
7
 
4
6
 0 57 52 35 40
 
0
 
5
7
 
5
2
 
3
5
 
4
0
 4 34 39 78 61
 
4
 
3
4
 
3
9
 
7
8
 
6
1
31 88 16 21 37
3
1
 
8
8
 
1
6
 
2
1
 
3
7

95 53 71 51 57
9
5
 
5
3
 
7
1
 
5
1
 
5
7
61 43 27 12  4
6
1
 
4
3
 
2
7
 
1
2
 
 
4
20 40 26 36 35
2
0
 
4
0
 
2
6
 
3
6
 
3
5
60  1 15 42 48
6
0
 
 
1
 
1
5
 
4
2
 
4
8
58  0 94 66 76
5
8
 
 
0
 
9
4
 
6
6
 
7
6

17 30 15 42 21
1
7
 
3
0
 
1
5
 
4
2
 
2
1
20 37 74 99 38
2
0
 
3
7
 
7
4
 
9
9
 
3
8
69 67 86  6 72
6
9
 
6
7
 
8
6
 
 
6
 
7
2
98 55  1 12 87
9
8
 
5
5
 
 
1
 
1
2
 
8
7
 3 56 91 94 88
 
3
 
5
6
 
9
1
 
9
4
 
8
8

35 70 88 74 54
3
5
 
7
0
 
8
8
 
7
4
 
5
4
19 23 99 95  7
1
9
 
2
3
 
9
9
 
9
5
 
 
7
47 22 84 94 76
4
7
 
2
2
 
8
4
 
9
4
 
7
6
97 28 82  0  8
9
7
 
2
8
 
8
2
 
 
0
 
 
8
72 45 48 38 41
7
2
 
4
5
 
4
8
 
3
8
 
4
1

87 58 67 49 40
8
7
 
5
8
 
6
7
 
4
9
 
4
0
70 43 42 82 76
7
0
 
4
3
 
4
2
 
8
2
 
7
6
 4 18 92 91 48
 
4
 
1
8
 
9
2
 
9
1
 
4
8
84 20 50 32 71
8
4
 
2
0
 
5
0
 
3
2
 
7
1
44 23 65 31 69
4
4
 
2
3
 
6
5
 
3
1
 
6
9

63  8 47 38 62
6
3
 
 
8
 
4
7
 
3
8
 
6
2
71 58 29 57 48
7
1
 
5
8
 
2
9
 
5
7
 
4
8
93 20 56  5 98
9
3
 
2
0
 
5
6
 
 
5
 
9
8
96 87 17 40 60
9
6
 
8
7
 
1
7
 
4
0
 
6
0
78  6  9 55 95
7
8
 
 
6
 
 
9
 
5
5
 
9
5

82 47 48 59 44
8
2
 
4
7
 
4
8
 
5
9
 
4
4
34 36 75 26 87
3
4
 
3
6
 
7
5
 
2
6
 
8
7
 0 40 86 18 94
 
0
 
4
0
 
8
6
 
1
8
 
9
4
53  6 41 10 90
5
3
 
 
6
 
4
1
 
1
0
 
9
0
68 21 37 33 51
6
8
 
2
1
 
3
7
 
3
3
 
5
1

 6 64 62 31 47
 
6
 
6
4
 
6
2
 
3
1
 
4
7
 9 17 96 50 93
 
9
 
1
7
 
9
6
 
5
0
 
9
3
83 26 14 80  2
8
3
 
2
6
 
1
4
 
8
0
 
 
2
39 63 68 20  7
3
9
 
6
3
 
6
8
 
2
0
 
 
7
30 37 22 40 97
3
0
 
3
7
 
2
2
 
4
0
 
9
7

96 72 90 11 24
9
6
 
7
2
 
9
0
 
1
1
 
2
4
49  9 25 82 58
4
9
 
 
9
 
2
5
 
8
2
 
5
8
32 34 55 85 59
3
2
 
3
4
 
5
5
 
8
5
 
5
9
44  1 68 91 14
4
4
 
 
1
 
6
8
 
9
1
 
1
4
 5 98 21 84 27
 
5
 
9
8
 
2
1
 
8
4
 
2
7

64 33 38 82 49
6
4
 
3
3
 
3
8
 
8
2
 
4
9
45 23  0 18 39
4
5
 
2
3
 
 
0
 
1
8
 
3
9
71  7 87 41 93
7
1
 
 
7
 
8
7
 
4
1
 
9
3
 8 44 63 20 42
 
8
 
4
4
 
6
3
 
2
0
 
4
2
99 78 32 30 43
9
9
 
7
8
 
3
2
 
3
0
 
4
3

23 90 21  7 86
2
3
 
9
0
 
2
1
 
 
7
 
8
6
13  0 59 63 58
1
3
 
 
0
 
5
9
 
6
3
 
5
8
11 74 76 92 67
1
1
 
7
4
 
7
6
 
9
2
 
6
7
53 97 25 33 69
5
3
 
9
7
 
2
5
 
3
3
 
6
9
38 82 30 75 96
3
8
 
8
2
 
3
0
 
7
5
 
9
6

27  8 46 91  4
2
7
 
 
8
 
4
6
 
9
1
 
 
4
57 18 10 75 69
5
7
 
1
8
 
1
0
 
7
5
 
6
9
61 63 52 32 49
6
1
 
6
3
 
5
2
 
3
2
 
4
9
29 85  1 53 83
2
9
 
8
5
 
 
1
 
5
3
 
8
3
37 34 87 38 20
3
7
 
3
4
 
8
7
 
3
8
 
2
0

27 81 55 34 24
2
7
 
8
1
 
5
5
 
3
4
 
2
4
15 26 33 51 48
1
5
 
2
6
 
3
3
 
5
1
 
4
8
45 82 23 89 65
4
5
 
8
2
 
2
3
 
8
9
 
6
5
 0 70 47 14 46
 
0
 
7
0
 
4
7
 
1
4
 
4
6
99 72 40 83 95
9
9
 
7
2
 
4
0
 
8
3
 
9
5

38 64 54 73 99
3
8
 
6
4
 
5
4
 
7
3
 
9
9
88 51 24 45 96
8
8
 
5
1
 
2
4
 
4
5
 
9
6
92 52 21 39  2
9
2
 
5
2
 
2
1
 
3
9
 
 
2
30 55 50 65 61
3
0
 
5
5
 
5
0
 
6
5
 
6
1
 1 41 60 69 81
 
1
 
4
1
 
6
0
 
6
9
 
8
1

44  2 81 57 37
4
4
 
 
2
 
8
1
 
5
7
 
3
7
47 29 87 21 60
4
7
 
2
9
 
8
7
 
2
1
 
6
0
61 86 88 85 89
6
1
 
8
6
 
8
8
 
8
5
 
8
9
99 76 75 33 94
9
9
 
7
6
 
7
5
 
3
3
 
9
4
 6 65  5 34 72
 
6
 
6
5
 
 
5
 
3
4
 
7
2

49 53 93 56 71
4
9
 
5
3
 
9
3
 
5
6
 
7
1
15 32 41  6 12
1
5
 
3
2
 
4
1
 
 
6
 
1
2
79 20 19 67 60
7
9
 
2
0
 
1
9
 
6
7
 
6
0
92 30 35 26  7
9
2
 
3
0
 
3
5
 
2
6
 
 
7
54 10 88 90 43
5
4
 
1
0
 
8
8
 
9
0
 
4
3

92 12  8 79 60
9
2
 
1
2
 
 
8
 
7
9
 
6
0
68 16 76 29 88
6
8
 
1
6
 
7
6
 
2
9
 
8
8
67 19 70 89 75
6
7
 
1
9
 
7
0
 
8
9
 
7
5
63 94 43 83  3
6
3
 
9
4
 
4
3
 
8
3
 
 
3
42 73  4 25 86
4
2
 
7
3
 
 
4
 
2
5
 
8
6

20 98 78 68 55
2
0
 
9
8
 
7
8
 
6
8
 
5
5
 9 63 43 38 32
 
9
 
6
3
 
4
3
 
3
8
 
3
2
36 93 22 88 72
3
6
 
9
3
 
2
2
 
8
8
 
7
2
25 73 61 48 28
2
5
 
7
3
 
6
1
 
4
8
 
2
8
94 18  8 92 76
9
4
 
1
8
 
 
8
 
9
2
 
7
6

 1 43 45 83 48
 
1
 
4
3
 
4
5
 
8
3
 
4
8
38  6 64 69 12
3
8
 
 
6
 
6
4
 
6
9
 
1
2
86 91 15 78 54
8
6
 
9
1
 
1
5
 
7
8
 
5
4
27  3 99 95 96
2
7
 
 
3
 
9
9
 
9
5
 
9
6
11 77 10 98 47
1
1
 
7
7
 
1
0
 
9
8
 
4
7

21 54 31 24 66
2
1
 
5
4
 
3
1
 
2
4
 
6
6
55 64 67 39 41
5
5
 
6
4
 
6
7
 
3
9
 
4
1
70 63 65 56 80
7
0
 
6
3
 
6
5
 
5
6
 
8
0
58 12 45 16  1
5
8
 
1
2
 
4
5
 
1
6
 
 
1
 9 94 52 92 10
 
9
 
9
4
 
5
2
 
9
2
 
1
0

94 83 65 15  4
9
4
 
8
3
 
6
5
 
1
5
 
 
4
60 44  0 70 64
6
0
 
4
4
 
 
0
 
7
0
 
6
4
80 42 72 86 28
8
0
 
4
2
 
7
2
 
8
6
 
2
8
23 18 24 48 36
2
3
 
1
8
 
2
4
 
4
8
 
3
6
78 75 41 50 93
7
8
 
7
5
 
4
1
 
5
0
 
9
3

64 38 65 92 47
6
4
 
3
8
 
6
5
 
9
2
 
4
7
 5 69 33 46 96
 
5
 
6
9
 
3
3
 
4
6
 
9
6
 2 32 90 75 45
 
2
 
3
2
 
9
0
 
7
5
 
4
5
17 31 43  4 67
1
7
 
3
1
 
4
3
 
 
4
 
6
7
16  6 11 20 44
1
6
 
 
6
 
1
1
 
2
0
 
4
4

33 16 17 41 55
3
3
 
1
6
 
1
7
 
4
1
 
5
5
31 84 28 40 38
3
1
 
8
4
 
2
8
 
4
0
 
3
8
76 51  2 36  6
7
6
 
5
1
 
 
2
 
3
6
 
 
6
72 98  1 66 94
7
2
 
9
8
 
 
1
 
6
6
 
9
4
83 25 69 78 95
8
3
 
2
5
 
6
9
 
7
8
 
9
5

34 56 32 83 23
3
4
 
5
6
 
3
2
 
8
3
 
2
3
50 91 38 31 86
5
0
 
9
1
 
3
8
 
3
1
 
8
6
98 45 49 44 28
9
8
 
4
5
 
4
9
 
4
4
 
2
8
29 36 51 68 89
2
9
 
3
6
 
5
1
 
6
8
 
8
9
26 69 79 99 47
2
6
 
6
9
 
7
9
 
9
9
 
4
7

 2 51 74 83  7
 
2
 
5
1
 
7
4
 
8
3
 
 
7
24 14  9 82 69
2
4
 
1
4
 
 
9
 
8
2
 
6
9
54 36 20 95 27
5
4
 
3
6
 
2
0
 
9
5
 
2
7
26 22 68  5 99
2
6
 
2
2
 
6
8
 
 
5
 
9
9
18 91 31 56 76
1
8
 
9
1
 
3
1
 
5
6
 
7
6

19 89 56 27 23
1
9
 
8
9
 
5
6
 
2
7
 
2
3
90 72 44 66 73
9
0
 
7
2
 
4
4
 
6
6
 
7
3
20 42 85 53 37
2
0
 
4
2
 
8
5
 
5
3
 
3
7
52 31 71 82 28
5
2
 
3
1
 
7
1
 
8
2
 
2
8
54 40 49 87  2
5
4
 
4
0
 
4
9
 
8
7
 
 
2

89 48 84 58 67
8
9
 
4
8
 
8
4
 
5
8
 
6
7
19  5 65 83 26
1
9
 
 
5
 
6
5
 
8
3
 
2
6
 2 37 21 86 39
 
2
 
3
7
 
2
1
 
8
6
 
3
9
15 14 71 34 91
1
5
 
1
4
 
7
1
 
3
4
 
9
1
49 52 25  9 29
4
9
 
5
2
 
2
5
 
 
9
 
2
9

41 85 70 29 18
4
1
 
8
5
 
7
0
 
2
9
 
1
8
61 24  3 94 83
6
1
 
2
4
 
 
3
 
9
4
 
8
3
96 30 44 17 71
9
6
 
3
0
 
4
4
 
1
7
 
7
1
89 87 36 16 53
8
9
 
8
7
 
3
6
 
1
6
 
5
3
35 55  1 95 33
3
5
 
5
5
 
 
1
 
9
5
 
3
3

31 55  6 60 39
3
1
 
5
5
 
 
6
 
6
0
 
3
9
27 95 80  9 90
2
7
 
9
5
 
8
0
 
 
9
 
9
0
72 68 57 21 92
7
2
 
6
8
 
5
7
 
2
1
 
9
2
91 84 52 12 43
9
1
 
8
4
 
5
2
 
1
2
 
4
3
42 89 33 37 45
4
2
 
8
9
 
3
3
 
3
7
 
4
5

82 43 92 65 67
8
2
 
4
3
 
9
2
 
6
5
 
6
7
20 70 24 72 78
2
0
 
7
0
 
2
4
 
7
2
 
7
8
64 37 93 49 25
6
4
 
3
7
 
9
3
 
4
9
 
2
5
35 56 16 76 40
3
5
 
5
6
 
1
6
 
7
6
 
4
0
15 98 36 13 30
1
5
 
9
8
 
3
6
 
1
3
 
3
0

95 39 26 36 77
9
5
 
3
9
 
2
6
 
3
6
 
7
7
91 35 12 61 30
9
1
 
3
5
 
1
2
 
6
1
 
3
0
88 80 38 16 73
8
8
 
8
0
 
3
8
 
1
6
 
7
3
15 45  0 17 83
1
5
 
4
5
 
 
0
 
1
7
 
8
3
64 62  6 44 37
6
4
 
6
2
 
 
6
 
4
4
 
3
7

51  4 82 78 49
5
1
 
 
4
 
8
2
 
7
8
 
4
9
28 45 92 20 21
2
8
 
4
5
 
9
2
 
2
0
 
2
1
87 67 62 56 88
8
7
 
6
7
 
6
2
 
5
6
 
8
8
26 46 13 60 83
2
6
 
4
6
 
1
3
 
6
0
 
8
3
 6 17 97 47 39
 
6
 
1
7
 
9
7
 
4
7
 
3
9

64 91 13 49 72
6
4
 
9
1
 
1
3
 
4
9
 
7
2
23 92 35 19 61
2
3
 
9
2
 
3
5
 
1
9
 
6
1
55 12 74 93 71
5
5
 
1
2
 
7
4
 
9
3
 
7
1
94 41 16 65 36
9
4
 
4
1
 
1
6
 
6
5
 
3
6
70  3 67  4 45
7
0
 
 
3
 
6
7
 
 
4
 
4
5

67 16 14 23 62
6
7
 
1
6
 
1
4
 
2
3
 
6
2
79 97  9 41 76
7
9
 
9
7
 
 
9
 
4
1
 
7
6
70 55 93 47 64
7
0
 
5
5
 
9
3
 
4
7
 
6
4
89 66 78 25 27
8
9
 
6
6
 
7
8
 
2
5
 
2
7
49  7 30  3 46
4
9
 
 
7
 
3
0
 
 
3
 
4
6

67 37 36 53 98
6
7
 
3
7
 
3
6
 
5
3
 
9
8
 8 19 27 97 84
 
8
 
1
9
 
2
7
 
9
7
 
8
4
80 47 58 90 18
8
0
 
4
7
 
5
8
 
9
0
 
1
8
55 54 35 75 34
5
5
 
5
4
 
3
5
 
7
5
 
3
4
89 95 30 25  5
8
9
 
9
5
 
3
0
 
2
5
 
 
5

63 82 97 36 58
6
3
 
8
2
 
9
7
 
3
6
 
5
8
34 87  9 32 30
3
4
 
8
7
 
 
9
 
3
2
 
3
0
99 14 52 49 90
9
9
 
1
4
 
5
2
 
4
9
 
9
0
13 79 68  1  3
1
3
 
7
9
 
6
8
 
 
1
 
 
3
95 21 64 98 15
9
5
 
2
1
 
6
4
 
9
8
 
1
5

51  7  0 58 47
5
1
 
 
7
 
 
0
 
5
8
 
4
7
94  8 50  9 38
9
4
 
 
8
 
5
0
 
 
9
 
3
8
30 34 59 75 42
3
0
 
3
4
 
5
9
 
7
5
 
4
2
36 18 87 52 88
3
6
 
1
8
 
8
7
 
5
2
 
8
8
12 14 57 71 65
1
2
 
1
4
 
5
7
 
7
1
 
6
5

21 15 90 70 30
2
1
 
1
5
 
9
0
 
7
0
 
3
0
 5 83 49 67 98
 
5
 
8
3
 
4
9
 
6
7
 
9
8
28 76 52 27 62
2
8
 
7
6
 
5
2
 
2
7
 
6
2
23 73 17  7  1
2
3
 
7
3
 
1
7
 
 
7
 
 
1
80 56 65 81 3
8
0
 
5
6
 
6
5
 
8
1
 
3

 3 97 81 62 17
 
3
 
9
7
 
8
1
 
6
2
 
1
7
84 58 18  4 64
8
4
 
5
8
 
1
8
 
 
4
 
6
4
54 96 22 43 59
5
4
 
9
6
 
2
2
 
4
3
 
5
9
89 47 45 80 21
8
9
 
4
7
 
4
5
 
8
0
 
2
1
15 30 11 20 19
1
5
 
3
0
 
1
1
 
2
0
 
1
9

36 51 74 64 40
3
6
 
5
1
 
7
4
 
6
4
 
4
0
81 58  1 23 24
8
1
 
5
8
 
 
1
 
2
3
 
2
4
73 68  8 63 57
7
3
 
6
8
 
 
8
 
6
3
 
5
7
21 62 45 67 85
2
1
 
6
2
 
4
5
 
6
7
 
8
5
44 84 92 20 29
4
4
 
8
4
 
9
2
 
2
0
 
2
9

15 44 52 46 38
1
5
 
4
4
 
5
2
 
4
6
 
3
8
91 62 48 29 68
9
1
 
6
2
 
4
8
 
2
9
 
6
8
39 10 71 16 20
3
9
 
1
0
 
7
1
 
1
6
 
2
0
55 12 63 59 86
5
5
 
1
2
 
6
3
 
5
9
 
8
6
54 26  6 76 90
5
4
 
2
6
 
 
6
 
7
6
 
9
0

80 73 87 66 30
8
0
 
7
3
 
8
7
 
6
6
 
3
0
51 54  0  2 71
5
1
 
5
4
 
 
0
 
 
2
 
7
1
49 79 18 20 39
4
9
 
7
9
 
1
8
 
2
0
 
3
9
72  7 55 15 53
7
2
 
 
7
 
5
5
 
1
5
 
5
3
12 93 60 28 40
1
2
 
9
3
 
6
0
 
2
8
 
4
0

65 68 41 61 32
6
5
 
6
8
 
4
1
 
6
1
 
3
2
71 80 40 15  7
7
1
 
8
0
 
4
0
 
1
5
 
 
7
77  5  9 39 82
7
7
 
 
5
 
 
9
 
3
9
 
8
2
92 43 75 58 52
9
2
 
4
3
 
7
5
 
5
8
 
5
2
21 76 73 99 70
2
1
 
7
6
 
7
3
 
9
9
 
7
0

84 22 61 28 64
8
4
 
2
2
 
6
1
 
2
8
 
6
4
43 79 65 13 78
4
3
 
7
9
 
6
5
 
1
3
 
7
8
32 17 48 71 81
3
2
 
1
7
 
4
8
 
7
1
 
8
1
95 73 36 29 77
9
5
 
7
3
 
3
6
 
2
9
 
7
7
 1 19 98 93 37
 
1
 
1
9
 
9
8
 
9
3
 
3
7

61 55 72 69 12
6
1
 
5
5
 
7
2
 
6
9
 
1
2
80 34 28 53 67
8
0
 
3
4
 
2
8
 
5
3
 
6
7
22 68  7  3 97
2
2
 
6
8
 
 
7
 
 
3
 
9
7
56 79 47 86 51
5
6
 
7
9
 
4
7
 
8
6
 
5
1
17 62 19 48  0
1
7
 
6
2
 
1
9
 
4
8
 
 
0

77 80 76 48 34
7
7
 
8
0
 
7
6
 
4
8
 
3
4
35 24 13  5 51
3
5
 
2
4
 
1
3
 
 
5
 
5
1
94 27 92 86 56
9
4
 
2
7
 
9
2
 
8
6
 
5
6
75 69 65 52 62
7
5
 
6
9
 
6
5
 
5
2
 
6
2
 3 49 42 14 19
 
3
 
4
9
 
4
2
 
1
4
 
1
9

37 10 22 70 61
3
7
 
1
0
 
2
2
 
7
0
 
6
1
49 55  7 99  3
4
9
 
5
5
 
 
7
 
9
9
 
 
3
93 40 74 95 71
9
3
 
4
0
 
7
4
 
9
5
 
7
1
78  0 15 44 69
7
8
 
 
0
 
1
5
 
4
4
 
6
9
94 12 35 32  9
9
4
 
1
2
 
3
5
 
3
2
 
 
9

89 32 53  8 47
8
9
 
3
2
 
5
3
 
 
8
 
4
7
19 67 15  7  9
1
9
 
6
7
 
1
5
 
 
7
 
 
9
76 25 68 30 55
7
6
 
2
5
 
6
8
 
3
0
 
5
5
69 99 45 66 79
6
9
 
9
9
 
4
5
 
6
6
 
7
9
33  0 72  5 48
3
3
 
 
0
 
7
2
 
 
5
 
4
8

 4 77  9 25 24
 
4
 
7
7
 
 
9
 
2
5
 
2
4
92 48 41 11 43
9
2
 
4
8
 
4
1
 
1
1
 
4
3
85 83  7 66 60
8
5
 
8
3
 
 
7
 
6
6
 
6
0
 6 39 10 31 30
 
6
 
3
9
 
1
0
 
3
1
 
3
0
99 54 18 35 36
9
9
 
5
4
 
1
8
 
3
5
 
3
6

79 45 94 19  3
7
9
 
4
5
 
9
4
 
1
9
 
 
3
39 40 12 43 37
3
9
 
4
0
 
1
2
 
4
3
 
3
7
71 85 66 49 93
7
1
 
8
5
 
6
6
 
4
9
 
9
3
90 52 76 96  7
9
0
 
5
2
 
7
6
 
9
6
 
 
7
29 17 82 74 77
2
9
 
1
7
 
8
2
 
7
4
 
7
7

78  0 48 67 58
7
8
 
 
0
 
4
8
 
6
7
 
5
8
62 93 55 86 85
6
2
 
9
3
 
5
5
 
8
6
 
8
5
20 92 68 38 72
2
0
 
9
2
 
6
8
 
3
8
 
7
2
70 33 19 98 99
7
0
 
3
3
 
1
9
 
9
8
 
9
9
 1 51 89 16  3
 
1
 
5
1
 
8
9
 
1
6
 
 
3

26 56 35 16 29
2
6
 
5
6
 
3
5
 
1
6
 
2
9
50 91 14 21 46
5
0
 
9
1
 
1
4
 
2
1
 
4
6
88  1 78 12 84
8
8
 
 
1
 
7
8
 
1
2
 
8
4
24 22 77 87 49
2
4
 
2
2
 
7
7
 
8
7
 
4
9
81 37 90 23 73
8
1
 
3
7
 
9
0
 
2
3
 
7
3

24 23 47 38  6
2
4
 
2
3
 
4
7
 
3
8
 
 
6
43 61 82 60 59
4
3
 
6
1
 
8
2
 
6
0
 
5
9
94 17 41 35 74
9
4
 
1
7
 
4
1
 
3
5
 
7
4
25 36 78  5 39
2
5
 
3
6
 
7
8
 
 
5
 
3
9
88 63 44 45 32
8
8
 
6
3
 
4
4
 
4
5
 
3
2

 8 67  2 73 10
 
8
 
6
7
 
 
2
 
7
3
 
1
0
47 96 95  9 68
4
7
 
9
6
 
9
5
 
 
9
 
6
8
16 63  1 32 99
1
6
 
6
3
 
 
1
 
3
2
 
9
9
28 39 50 83 87
2
8
 
3
9
 
5
0
 
8
3
 
8
7
78 71 46 97  5
7
8
 
7
1
 
4
6
 
9
7
 
 
5

60 35 42 37  7
6
0
 
3
5
 
4
2
 
3
7
 
 
7
33 69 51 79 34
3
3
 
6
9
 
5
1
 
7
9
 
3
4
57 29 77 62  5
5
7
 
2
9
 
7
7
 
6
2
 
 
5
48 67 75 74 20
4
8
 
6
7
 
7
5
 
7
4
 
2
0
18 96 89 23 86
1
8
 
9
6
 
8
9
 
2
3
 
8
6

78 49 25 87 65
7
8
 
4
9
 
2
5
 
8
7
 
6
5
26 37 22 34 31
2
6
 
3
7
 
2
2
 
3
4
 
3
1
93 83 28 94 96
9
3
 
8
3
 
2
8
 
9
4
 
9
6
55 60 44 56 54
5
5
 
6
0
 
4
4
 
5
6
 
5
4
50 69 16 51 20
5
0
 
6
9
 
1
6
 
5
1
 
2
0

80 50 59 69 18
8
0
 
5
0
 
5
9
 
6
9
 
1
8
45 62 58 82 30
4
5
 
6
2
 
5
8
 
8
2
 
3
0
81 41 44 51  5
8
1
 
4
1
 
4
4
 
5
1
 
 
5
16 33 28 24 21
1
6
 
3
3
 
2
8
 
2
4
 
2
1
13 29 87 42 49
1
3
 
2
9
 
8
7
 
4
2
 
4
9

58 70 10 67 63
5
8
 
7
0
 
1
0
 
6
7
 
6
3
91 12 85 47 61
9
1
 
1
2
 
8
5
 
4
7
 
6
1
14 42 44 36 20
1
4
 
4
2
 
4
4
 
3
6
 
2
0
41  1 98  0 77
4
1
 
 
1
 
9
8
 
 
0
 
7
7
86 28 40 51 22
8
6
 
2
8
 
4
0
 
5
1
 
2
2

10 38 43 78  5
1
0
 
3
8
 
4
3
 
7
8
 
 
5
11 93 80 14 85
1
1
 
9
3
 
8
0
 
1
4
 
8
5
54 34 16 66  9
5
4
 
3
4
 
1
6
 
6
6
 
 
9
69 50 23  1 39
6
9
 
5
0
 
2
3
 
 
1
 
3
9
89 20 42 95 41
8
9
 
2
0
 
4
2
 
9
5
 
4
1

37 32 52 91 57
3
7
 
3
2
 
5
2
 
9
1
 
5
7
76 17 72 54 92
7
6
 
1
7
 
7
2
 
5
4
 
9
2
28 98 38  0 58
2
8
 
9
8
 
3
8
 
 
0
 
5
8
50 35 62 93 78
5
0
 
3
5
 
6
2
 
9
3
 
7
8
46 31 42  1 36
4
6
 
3
1
 
4
2
 
 
1
 
3
6

28 63 27 64 47
2
8
 
6
3
 
2
7
 
6
4
 
4
7
57 95  7 62 74
5
7
 
9
5
 
 
7
 
6
2
 
7
4
26 54 35 81 38
2
6
 
5
4
 
3
5
 
8
1
 
3
8
90 30 92 98 60
9
0
 
3
0
 
9
2
 
9
8
 
6
0
14 75 34 86 43
1
4
 
7
5
 
3
4
 
8
6
 
4
3

49 35 63 34 77
4
9
 
3
5
 
6
3
 
3
4
 
7
7
48 37 46 13 45
4
8
 
3
7
 
4
6
 
1
3
 
4
5
25 36 81 99 54
2
5
 
3
6
 
8
1
 
9
9
 
5
4
38 91 72 64 14
3
8
 
9
1
 
7
2
 
6
4
 
1
4
67 75 44 69 57
6
7
 
7
5
 
4
4
 
6
9
 
5
7

84 43 27 78 21
8
4
 
4
3
 
2
7
 
7
8
 
2
1
17 57 40 90 96
1
7
 
5
7
 
4
0
 
9
0
 
9
6
15 50 62 45 18
1
5
 
5
0
 
6
2
 
4
5
 
1
8
20 97  1 71 26
2
0
 
9
7
 
 
1
 
7
1
 
2
6
68 79 73 46 82
6
8
 
7
9
 
7
3
 
4
6
 
8
2

63 85 60  7 98
6
3
 
8
5
 
6
0
 
 
7
 
9
8
49 17 86 32 48
4
9
 
1
7
 
8
6
 
3
2
 
4
8
30 59 58 20 16
3
0
 
5
9
 
5
8
 
2
0
 
1
6
83  3 61 21 22
8
3
 
 
3
 
6
1
 
2
1
 
2
2
10 18 78 41 33
1
0
 
1
8
 
7
8
 
4
1
 
3
3

34 37 97 26 10
3
4
 
3
7
 
9
7
 
2
6
 
1
0
32 31 94 82 95
3
2
 
3
1
 
9
4
 
8
2
 
9
5
78 40 92 61 19
7
8
 
4
0
 
9
2
 
6
1
 
1
9
24  3 69 57 85
2
4
 
 
3
 
6
9
 
5
7
 
8
5
28 48 46 74  0
2
8
 
4
8
 
4
6
 
7
4
 
 
0

 0 93 38 35 85
 
0
 
9
3
 
3
8
 
3
5
 
8
5
58 84 60 57 25
5
8
 
8
4
 
6
0
 
5
7
 
2
5
14 43 17 39 15
1
4
 
4
3
 
1
7
 
3
9
 
1
5
81 82  4 96 88
8
1
 
8
2
 
 
4
 
9
6
 
8
8
47 66 49 99 67
4
7
 
6
6
 
4
9
 
9
9
 
6
7

27 48 10 81 89
2
7
 
4
8
 
1
0
 
8
1
 
8
9
30 35 79  2 97
3
0
 
3
5
 
7
9
 
 
2
 
9
7
18 64 19 57 78
1
8
 
6
4
 
1
9
 
5
7
 
7
8
76  1 94 33 53
7
6
 
 
1
 
9
4
 
3
3
 
5
3
34 66 74 49 90
3
4
 
6
6
 
7
4
 
4
9
 
9
0

55 39 12  3 24
5
5
 
3
9
 
1
2
 
 
3
 
2
4
89 97 36  2  6
8
9
 
9
7
 
3
6
 
 
2
 
 
6
26 27 32 62 67
2
6
 
2
7
 
3
2
 
6
2
 
6
7
91 53 95 69  7
9
1
 
5
3
 
9
5
 
6
9
 
 
7
13 33 84 65  4
1
3
 
3
3
 
8
4
 
6
5
 
 
4

21 98 54 88 19
2
1
 
9
8
 
5
4
 
8
8
 
1
9
49 23 29 77 44
4
9
 
2
3
 
2
9
 
7
7
 
4
4
66 41 96 95 32
6
6
 
4
1
 
9
6
 
9
5
 
3
2
13 63 65  5 60
1
3
 
6
3
 
6
5
 
 
5
 
6
0
47  7 92 37 42
4
7
 
 
7
 
9
2
 
3
7
 
4
2

92 76 56 60 78
9
2
 
7
6
 
5
6
 
6
0
 
7
8
73 25 46 58 64
7
3
 
2
5
 
4
6
 
5
8
 
6
4
68 14 55 10 13
6
8
 
1
4
 
5
5
 
1
0
 
1
3
59 26  9 40 51
5
9
 
2
6
 
 
9
 
4
0
 
5
1
36 97 66  6  7
3
6
 
9
7
 
6
6
 
 
6
 
 
7

 4 94 22  5 90
 
4
 
9
4
 
2
2
 
 
5
 
9
0
16 71 25  2 26
1
6
 
7
1
 
2
5
 
 
2
 
2
6
15 17 41 75 84
1
5
 
1
7
 
4
1
 
7
5
 
8
4
66 93 11 58 27
6
6
 
9
3
 
1
1
 
5
8
 
2
7
49 76 32 74 39
4
9
 
7
6
 
3
2
 
7
4
 
3
9

49 46 41 52 62
4
9
 
4
6
 
4
1
 
5
2
 
6
2
60 47 77 13 27
6
0
 
4
7
 
7
7
 
1
3
 
2
7
 6 40 59 11 10
 
6
 
4
0
 
5
9
 
1
1
 
1
0
53 97 82  9  1
5
3
 
9
7
 
8
2
 
 
9
 
 
1
14 67 88  4 61
1
4
 
6
7
 
8
8
 
 
4
 
6
1

97 13 24 39  3
9
7
 
1
3
 
2
4
 
3
9
 
 
3
 0 44 77 72 78
 
0
 
4
4
 
7
7
 
7
2
 
7
8
56 83 26 57 64
5
6
 
8
3
 
2
6
 
5
7
 
6
4
71  9 49 31 53
7
1
 
 
9
 
4
9
 
3
1
 
5
3
 5 81 62 90 19
 
5
 
8
1
 
6
2
 
9
0
 
1
9

82 48 13 29 18
8
2
 
4
8
 
1
3
 
2
9
 
1
8
20 15  4 65 50
2
0
 
1
5
 
 
4
 
6
5
 
5
0
56 14  0 61 28
5
6
 
1
4
 
 
0
 
6
1
 
2
8
97 49  7  2 12
9
7
 
4
9
 
 
7
 
 
2
 
1
2
26 57 80 84 30
2
6
 
5
7
 
8
0
 
8
4
 
3
0

93  9 21 36  5
9
3
 
 
9
 
2
1
 
3
6
 
 
5
62 80 90 76 97
6
2
 
8
0
 
9
0
 
7
6
 
9
7
15  8 49 66 28
1
5
 
 
8
 
4
9
 
6
6
 
2
8
47 35 58 10  3
4
7
 
3
5
 
5
8
 
1
0
 
 
3
77 12  1 39 33
7
7
 
1
2
 
 
1
 
3
9
 
3
3

78 82 80 58  1
7
8
 
8
2
 
8
0
 
5
8
 
 
1
98 88  5 21 40
9
8
 
8
8
 
 
5
 
2
1
 
4
0
92 99 91 96 67
9
2
 
9
9
 
9
1
 
9
6
 
6
7
69  4 72 38 71
6
9
 
 
4
 
7
2
 
3
8
 
7
1
22 31 70 14  3
2
2
 
3
1
 
7
0
 
1
4
 
 
3

40 99 73 48 70
4
0
 
9
9
 
7
3
 
4
8
 
7
0
78 26 97 39 65
7
8
 
2
6
 
9
7
 
3
9
 
6
5
59 60 62 43 67
5
9
 
6
0
 
6
2
 
4
3
 
6
7
82 10 90 49 71
8
2
 
1
0
 
9
0
 
4
9
 
7
1
19 85 25 58 13
1
9
 
8
5
 
2
5
 
5
8
 
1
3

18 99 28  9 48
1
8
 
9
9
 
2
8
 
 
9
 
4
8
92 79 96 51 82
9
2
 
7
9
 
9
6
 
5
1
 
8
2
29 68 50 93 94
2
9
 
6
8
 
5
0
 
9
3
 
9
4
60 86 80 77 83
6
0
 
8
6
 
8
0
 
7
7
 
8
3
61 97 75 30  5
6
1
 
9
7
 
7
5
 
3
0
 
 
5

26 58 70 25 95
2
6
 
5
8
 
7
0
 
2
5
 
9
5
54  2 47 81 56
5
4
 
 
2
 
4
7
 
8
1
 
5
6
64 76 75 72 60
6
4
 
7
6
 
7
5
 
7
2
 
6
0
79 30 11 40 85
7
9
 
3
0
 
1
1
 
4
0
 
8
5
57 62 90 49 45
5
7
 
6
2
 
9
0
 
4
9
 
4
5

77 35 29 96 68
7
7
 
3
5
 
2
9
 
9
6
 
6
8
97 75 50 64 13
9
7
 
7
5
 
5
0
 
6
4
 
1
3
86 33 23 84 37
8
6
 
3
3
 
2
3
 
8
4
 
3
7
 2 39 92 65 71
 
2
 
3
9
 
9
2
 
6
5
 
7
1
 9 10 94 46 41
 
9
 
1
0
 
9
4
 
4
6
 
4
1

33  7 57  8  3
3
3
 
 
7
 
5
7
 
 
8
 
 
3
38  4 59 78 75
3
8
 
 
4
 
5
9
 
7
8
 
7
5
25 97 74 29 14
2
5
 
9
7
 
7
4
 
2
9
 
1
4
92 77 72  6 48
9
2
 
7
7
 
7
2
 
 
6
 
4
8
94 37 99 16 54
9
4
 
3
7
 
9
9
 
1
6
 
5
4

65 97  9 28 40
6
5
 
9
7
 
 
9
 
2
8
 
4
0
80  6 53 75 57
8
0
 
 
6
 
5
3
 
7
5
 
5
7
68 79 25 69 92
6
8
 
7
9
 
2
5
 
6
9
 
9
2
62 90 36  5 70
6
2
 
9
0
 
3
6
 
 
5
 
7
0
67 27 52 46 26
6
7
 
2
7
 
5
2
 
4
6
 
2
6

81 10 64 99 89
8
1
 
1
0
 
6
4
 
9
9
 
8
9
 0 92 80 16 84
 
0
 
9
2
 
8
0
 
1
6
 
8
4
75 22 94 23 40
7
5
 
2
2
 
9
4
 
2
3
 
4
0
49 55 65 43 30
4
9
 
5
5
 
6
5
 
4
3
 
3
0
 4 48 58 34 69
 
4
 
4
8
 
5
8
 
3
4
 
6
9

45 13 28 42 72
4
5
 
1
3
 
2
8
 
4
2
 
7
2
21 54 59 22 27
2
1
 
5
4
 
5
9
 
2
2
 
2
7
15 14 56 10 68
1
5
 
1
4
 
5
6
 
1
0
 
6
8
67 41 81 83  8
6
7
 
4
1
 
8
1
 
8
3
 
 
8
98 51 43 95 89
9
8
 
5
1
 
4
3
 
9
5
 
8
9

54 41 36 75 96
5
4
 
4
1
 
3
6
 
7
5
 
9
6
77 71 34 67 62
7
7
 
7
1
 
3
4
 
6
7
 
6
2
27 90 93 20 58
2
7
 
9
0
 
9
3
 
2
0
 
5
8
57 89 85 92 22
5
7
 
8
9
 
8
5
 
9
2
 
2
2
32 50 88 69 48
3
2
 
5
0
 
8
8
 
6
9
 
4
8

75 12 11 91 56
7
5
 
1
2
 
1
1
 
9
1
 
5
6
82 22 18 77 10
8
2
 
2
2
 
1
8
 
7
7
 
1
0
85  1 13 89 31
8
5
 
 
1
 
1
3
 
8
9
 
3
1
62 69 39  5 92
6
2
 
6
9
 
3
9
 
 
5
 
9
2
16 49 21 60 64
1
6
 
4
9
 
2
1
 
6
0
 
6
4

 1 95 70 10 87
 
1
 
9
5
 
7
0
 
1
0
 
8
7
64 15  6 75 88
6
4
 
1
5
 
 
6
 
7
5
 
8
8
45 46 72 82 32
4
5
 
4
6
 
7
2
 
8
2
 
3
2
58 24  3 99 21
5
8
 
2
4
 
 
3
 
9
9
 
2
1
81 17 28 53 34
8
1
 
1
7
 
2
8
 
5
3
 
3
4

26 81  4 49 13
2
6
 
8
1
 
 
4
 
4
9
 
1
3
97  0 44 92 72
9
7
 
 
0
 
4
4
 
9
2
 
7
2
52  2 54  3 23
5
2
 
 
2
 
5
4
 
 
3
 
2
3
41 33 98 75  9
4
1
 
3
3
 
9
8
 
7
5
 
 
9
22 96 21 12 65
2
2
 
9
6
 
2
1
 
1
2
 
6
5
0
